Home_Team,Home_Score,Away_Team,Away_Score,Winner,Total,Spread
Arizona Cardinals,23,Atlanta Falcons,18,Arizona Cardinals,41,5
Arizona Cardinals,26,Baltimore Ravens,22,Arizona Cardinals,48,4
Arizona Cardinals,21,Buffalo Bills,22,Buffalo Bills,43,1
Arizona Cardinals,25,Carolina Panthers,16,Arizona Cardinals,41,9
Arizona Cardinals,24,Chicago Bears,21,Arizona Cardinals,45,3
Arizona Cardinals,25,Cincinnati Bengals,21,Arizona Cardinals,46,4
Arizona Cardinals,23,Cleveland Browns,18,Arizona Cardinals,41,5
Arizona Cardinals,28,Dallas Cowboys,19,Arizona Cardinals,47,9
Arizona Cardinals,23,Denver Broncos,22,Arizona Cardinals,45,1
Arizona Cardinals,18,Detroit Lions,23,Detroit Lions,41,5
Arizona Cardinals,25,Green Bay Packers,20,Arizona Cardinals,45,5
Arizona Cardinals,22,Houston Texans,19,Arizona Cardinals,41,3
Arizona Cardinals,21,Indianapolis Colts,20,Arizona Cardinals,41,1
Arizona Cardinals,28,Jacksonville Jaguars,18,Arizona Cardinals,46,10
Arizona Cardinals,21,Kansas City Chiefs,20,Arizona Cardinals,41,1
Arizona Cardinals,29,Las Vegas Raiders,17,Arizona Cardinals,46,12
Arizona Cardinals,22,Los Angeles Chargers,13,Arizona Cardinals,35,9
Arizona Cardinals,23,Los Angeles Rams,18,Arizona Cardinals,41,5
Arizona Cardinals,23,Miami Dolphins,17,Arizona Cardinals,40,6
Arizona Cardinals,24,Minnesota Vikings,23,Arizona Cardinals,47,1
Arizona Cardinals,25,New England Patriots,14,Arizona Cardinals,39,11
Arizona Cardinals,28,New Orleans Saints,27,Arizona Cardinals,55,1
Arizona Cardinals,25,New York Giants,17,Arizona Cardinals,42,8
Arizona Cardinals,25,New York Jets,13,Arizona Cardinals,38,12
Arizona Cardinals,19,Philadelphia Eagles,17,Arizona Cardinals,36,2
Arizona Cardinals,19,Pittsburgh Steelers,16,Arizona Cardinals,35,3
Arizona Cardinals,24,San Francisco 49ers,27,San Francisco 49ers,51,3
Arizona Cardinals,23,Seattle Seahawks,18,Arizona Cardinals,41,5
Arizona Cardinals,28,Tampa Bay Buccaneers,21,Arizona Cardinals,49,7
Arizona Cardinals,31,Tennessee Titans,16,Arizona Cardinals,47,15
Arizona Cardinals,21,Washington Commanders,20,Arizona Cardinals,41,1
Atlanta Falcons,24,Arizona Cardinals,23,Atlanta Falcons,47,1
Atlanta Falcons,25,Baltimore Ravens,24,Atlanta Falcons,49,1
Atlanta Falcons,20,Buffalo Bills,25,Buffalo Bills,45,5
Atlanta Falcons,24,Carolina Panthers,17,Atlanta Falcons,41,7
Atlanta Falcons,24,Chicago Bears,27,Chicago Bears,51,3
Atlanta Falcons,26,Cincinnati Bengals,25,Atlanta Falcons,51,1
Atlanta Falcons,24,Cleveland Browns,22,Atlanta Falcons,46,2
Atlanta Falcons,25,Dallas Cowboys,28,Dallas Cowboys,53,3
Atlanta Falcons,26,Denver Broncos,23,Atlanta Falcons,49,3
Atlanta Falcons,18,Detroit Lions,25,Detroit Lions,43,7
Atlanta Falcons,24,Green Bay Packers,27,Green Bay Packers,51,3
Atlanta Falcons,25,Houston Texans,28,Houston Texans,53,3
Atlanta Falcons,24,Indianapolis Colts,23,Atlanta Falcons,47,1
Atlanta Falcons,24,Jacksonville Jaguars,22,Atlanta Falcons,46,2
Atlanta Falcons,22,Kansas City Chiefs,21,Atlanta Falcons,43,1
Atlanta Falcons,32,Las Vegas Raiders,17,Atlanta Falcons,49,15
Atlanta Falcons,18,Los Angeles Chargers,20,Los Angeles Chargers,38,2
Atlanta Falcons,24,Los Angeles Rams,23,Atlanta Falcons,47,1
Atlanta Falcons,22,Miami Dolphins,20,Atlanta Falcons,42,2
Atlanta Falcons,25,Minnesota Vikings,26,Minnesota Vikings,51,1
Atlanta Falcons,21,New England Patriots,20,Atlanta Falcons,41,1
Atlanta Falcons,24,New Orleans Saints,30,New Orleans Saints,54,6
Atlanta Falcons,23,New York Giants,21,Atlanta Falcons,44,2
Atlanta Falcons,24,New York Jets,19,Atlanta Falcons,43,5
Atlanta Falcons,18,Philadelphia Eagles,20,Philadelphia Eagles,38,2
Atlanta Falcons,19,Pittsburgh Steelers,21,Pittsburgh Steelers,40,2
Atlanta Falcons,25,San Francisco 49ers,26,San Francisco 49ers,51,1
Atlanta Falcons,25,Seattle Seahawks,23,Atlanta Falcons,48,2
Atlanta Falcons,28,Tampa Bay Buccaneers,23,Atlanta Falcons,51,5
Atlanta Falcons,29,Tennessee Titans,21,Atlanta Falcons,50,8
Atlanta Falcons,20,Washington Commanders,25,Washington Commanders,45,5
Baltimore Ravens,26,Arizona Cardinals,22,Baltimore Ravens,48,4
Baltimore Ravens,25,Atlanta Falcons,19,Baltimore Ravens,44,6
Baltimore Ravens,24,Buffalo Bills,22,Baltimore Ravens,46,2
Baltimore Ravens,28,Carolina Panthers,17,Baltimore Ravens,45,11
Baltimore Ravens,26,Chicago Bears,24,Baltimore Ravens,50,2
Baltimore Ravens,28,Cincinnati Bengals,22,Baltimore Ravens,50,6
Baltimore Ravens,25,Cleveland Browns,20,Baltimore Ravens,45,5
Baltimore Ravens,29,Dallas Cowboys,25,Baltimore Ravens,54,4
Baltimore Ravens,25,Denver Broncos,20,Baltimore Ravens,45,5
Baltimore Ravens,24,Detroit Lions,23,Baltimore Ravens,47,1
Baltimore Ravens,26,Green Bay Packers,24,Baltimore Ravens,50,2
Baltimore Ravens,26,Houston Texans,21,Baltimore Ravens,47,5
Baltimore Ravens,24,Indianapolis Colts,23,Baltimore Ravens,47,1
Baltimore Ravens,29,Jacksonville Jaguars,21,Baltimore Ravens,50,8
Baltimore Ravens,24,Kansas City Chiefs,23,Baltimore Ravens,47,1
Baltimore Ravens,29,Las Vegas Raiders,19,Baltimore Ravens,48,10
Baltimore Ravens,21,Los Angeles Chargers,17,Baltimore Ravens,38,4
Baltimore Ravens,25,Los Angeles Rams,26,Los Angeles Rams,51,1
Baltimore Ravens,28,Miami Dolphins,21,Baltimore Ravens,49,7
Baltimore Ravens,26,Minnesota Vikings,25,Baltimore Ravens,51,1
Baltimore Ravens,30,New England Patriots,18,Baltimore Ravens,48,12
Baltimore Ravens,28,New Orleans Saints,27,Baltimore Ravens,55,1
Baltimore Ravens,26,New York Giants,20,Baltimore Ravens,46,6
Baltimore Ravens,27,New York Jets,19,Baltimore Ravens,46,8
Baltimore Ravens,23,Philadelphia Eagles,21,Baltimore Ravens,44,2
Baltimore Ravens,20,Pittsburgh Steelers,19,Baltimore Ravens,39,1
Baltimore Ravens,28,San Francisco 49ers,25,Baltimore Ravens,53,3
Baltimore Ravens,28,Seattle Seahawks,18,Baltimore Ravens,46,10
Baltimore Ravens,31,Tampa Bay Buccaneers,23,Baltimore Ravens,54,8
Baltimore Ravens,32,Tennessee Titans,20,Baltimore Ravens,52,12
Baltimore Ravens,25,Washington Commanders,24,Baltimore Ravens,49,1
Buffalo Bills,26,Arizona Cardinals,21,Buffalo Bills,47,5
Buffalo Bills,24,Atlanta Falcons,18,Buffalo Bills,42,6
Buffalo Bills,25,Baltimore Ravens,23,Buffalo Bills,48,2
Buffalo Bills,26,Carolina Panthers,15,Buffalo Bills,41,11
Buffalo Bills,25,Chicago Bears,22,Buffalo Bills,47,3
Buffalo Bills,24,Cincinnati Bengals,19,Buffalo Bills,43,5
Buffalo Bills,25,Cleveland Browns,18,Buffalo Bills,43,7
Buffalo Bills,28,Dallas Cowboys,20,Buffalo Bills,48,8
Buffalo Bills,27,Denver Broncos,20,Buffalo Bills,47,7
Buffalo Bills,20,Detroit Lions,22,Detroit Lions,42,2
Buffalo Bills,23,Green Bay Packers,22,Buffalo Bills,45,1
Buffalo Bills,25,Houston Texans,20,Buffalo Bills,45,5
Buffalo Bills,19,Indianapolis Colts,24,Indianapolis Colts,43,5
Buffalo Bills,28,Jacksonville Jaguars,19,Buffalo Bills,47,9
Buffalo Bills,23,Kansas City Chiefs,19,Buffalo Bills,42,4
Buffalo Bills,33,Las Vegas Raiders,13,Buffalo Bills,46,20
Buffalo Bills,21,Los Angeles Chargers,16,Buffalo Bills,37,5
Buffalo Bills,26,Los Angeles Rams,18,Buffalo Bills,44,8
Buffalo Bills,23,Miami Dolphins,14,Buffalo Bills,37,9
Buffalo Bills,25,Minnesota Vikings,22,Buffalo Bills,47,3
Buffalo Bills,27,New England Patriots,16,Buffalo Bills,43,11
Buffalo Bills,25,New Orleans Saints,26,New Orleans Saints,51,1
Buffalo Bills,23,New York Giants,16,Buffalo Bills,39,7
Buffalo Bills,24,New York Jets,16,Buffalo Bills,40,8
Buffalo Bills,21,Philadelphia Eagles,20,Buffalo Bills,41,1
Buffalo Bills,23,Pittsburgh Steelers,15,Buffalo Bills,38,8
Buffalo Bills,27,San Francisco 49ers,24,Buffalo Bills,51,3
Buffalo Bills,27,Seattle Seahawks,23,Buffalo Bills,50,4
Buffalo Bills,28,Tampa Bay Buccaneers,22,Buffalo Bills,50,6
Buffalo Bills,33,Tennessee Titans,18,Buffalo Bills,51,15
Buffalo Bills,25,Washington Commanders,20,Buffalo Bills,45,5
Carolina Panthers,16,Arizona Cardinals,24,Arizona Cardinals,40,8
Carolina Panthers,14,Atlanta Falcons,22,Atlanta Falcons,36,8
Carolina Panthers,17,Baltimore Ravens,26,Baltimore Ravens,43,9
Carolina Panthers,12,Buffalo Bills,25,Buffalo Bills,37,13
Carolina Panthers,14,Chicago Bears,26,Chicago Bears,40,12
Carolina Panthers,19,Cincinnati Bengals,29,Cincinnati Bengals,48,10
Carolina Panthers,15,Cleveland Browns,25,Cleveland Browns,40,10
Carolina Panthers,18,Dallas Cowboys,29,Dallas Cowboys,47,11
Carolina Panthers,18,Denver Broncos,26,Denver Broncos,44,8
Carolina Panthers,13,Detroit Lions,29,Detroit Lions,42,16
Carolina Panthers,16,Green Bay Packers,29,Green Bay Packers,45,13
Carolina Panthers,14,Houston Texans,24,Houston Texans,38,10
Carolina Panthers,13,Indianapolis Colts,29,Indianapolis Colts,42,16
Carolina Panthers,17,Jacksonville Jaguars,25,Jacksonville Jaguars,42,8
Carolina Panthers,16,Kansas City Chiefs,25,Kansas City Chiefs,41,9
Carolina Panthers,24,Las Vegas Raiders,20,Carolina Panthers,44,4
Carolina Panthers,4,Los Angeles Chargers,25,Los Angeles Chargers,29,21
Carolina Panthers,14,Los Angeles Rams,27,Los Angeles Rams,41,13
Carolina Panthers,15,Miami Dolphins,25,Miami Dolphins,40,10
Carolina Panthers,16,Minnesota Vikings,28,Minnesota Vikings,44,12
Carolina Panthers,17,New England Patriots,22,New England Patriots,39,5
Carolina Panthers,14,New Orleans Saints,33,New Orleans Saints,47,19
Carolina Panthers,14,New York Giants,24,New York Giants,38,10
Carolina Panthers,17,New York Jets,23,New York Jets,40,6
Carolina Panthers,11,Philadelphia Eagles,21,Philadelphia Eagles,32,10
Carolina Panthers,13,Pittsburgh Steelers,26,Pittsburgh Steelers,39,13
Carolina Panthers,16,San Francisco 49ers,32,San Francisco 49ers,48,16
Carolina Panthers,19,Seattle Seahawks,26,Seattle Seahawks,45,7
Carolina Panthers,18,Tampa Bay Buccaneers,24,Tampa Bay Buccaneers,42,6
Carolina Panthers,22,Tennessee Titans,21,Carolina Panthers,43,1
Carolina Panthers,14,Washington Commanders,27,Washington Commanders,41,13
Chicago Bears,25,Arizona Cardinals,20,Chicago Bears,45,5
Chicago Bears,27,Atlanta Falcons,20,Chicago Bears,47,7
Chicago Bears,27,Baltimore Ravens,22,Chicago Bears,49,5
Chicago Bears,22,Buffalo Bills,21,Chicago Bears,43,1
Chicago Bears,27,Carolina Panthers,14,Chicago Bears,41,13
Chicago Bears,28,Cincinnati Bengals,18,Chicago Bears,46,10
Chicago Bears,22,Cleveland Browns,18,Chicago Bears,40,4
Chicago Bears,30,Dallas Cowboys,26,Chicago Bears,56,4
Chicago Bears,25,Denver Broncos,21,Chicago Bears,46,4
Chicago Bears,22,Detroit Lions,24,Detroit Lions,46,2
Chicago Bears,24,Green Bay Packers,23,Chicago Bears,47,1
Chicago Bears,25,Houston Texans,21,Chicago Bears,46,4
Chicago Bears,23,Indianapolis Colts,22,Chicago Bears,45,1
Chicago Bears,31,Jacksonville Jaguars,18,Chicago Bears,49,13
Chicago Bears,22,Kansas City Chiefs,21,Chicago Bears,43,1
Chicago Bears,33,Las Vegas Raiders,16,Chicago Bears,49,17
Chicago Bears,18,Los Angeles Chargers,21,Los Angeles Chargers,39,3
Chicago Bears,22,Los Angeles Rams,20,Chicago Bears,42,2
Chicago Bears,24,Miami Dolphins,19,Chicago Bears,43,5
Chicago Bears,23,Minnesota Vikings,21,Chicago Bears,44,2
Chicago Bears,30,New England Patriots,18,Chicago Bears,48,12
Chicago Bears,27,New Orleans Saints,26,Chicago Bears,53,1
Chicago Bears,24,New York Giants,16,Chicago Bears,40,8
Chicago Bears,25,New York Jets,19,Chicago Bears,44,6
Chicago Bears,19,Philadelphia Eagles,17,Chicago Bears,36,2
Chicago Bears,24,Pittsburgh Steelers,19,Chicago Bears,43,5
Chicago Bears,25,San Francisco 49ers,23,Chicago Bears,48,2
Chicago Bears,26,Seattle Seahawks,19,Chicago Bears,45,7
Chicago Bears,27,Tampa Bay Buccaneers,22,Chicago Bears,49,5
Chicago Bears,31,Tennessee Titans,18,Chicago Bears,49,13
Chicago Bears,25,Washington Commanders,21,Chicago Bears,46,4
Cincinnati Bengals,22,Arizona Cardinals,27,Arizona Cardinals,49,5
Cincinnati Bengals,23,Atlanta Falcons,26,Atlanta Falcons,49,3
Cincinnati Bengals,23,Baltimore Ravens,29,Baltimore Ravens,52,6
Cincinnati Bengals,17,Buffalo Bills,26,Buffalo Bills,43,9
Cincinnati Bengals,27,Carolina Panthers,25,Cincinnati Bengals,52,2
Cincinnati Bengals,19,Chicago Bears,29,Chicago Bears,48,10
Cincinnati Bengals,20,Cleveland Browns,24,Cleveland Browns,44,4
Cincinnati Bengals,21,Dallas Cowboys,29,Dallas Cowboys,50,8
Cincinnati Bengals,20,Denver Broncos,27,Denver Broncos,47,7
Cincinnati Bengals,18,Detroit Lions,28,Detroit Lions,46,10
Cincinnati Bengals,21,Green Bay Packers,31,Green Bay Packers,52,10
Cincinnati Bengals,21,Houston Texans,30,Houston Texans,51,9
Cincinnati Bengals,22,Indianapolis Colts,28,Indianapolis Colts,50,6
Cincinnati Bengals,25,Jacksonville Jaguars,29,Jacksonville Jaguars,54,4
Cincinnati Bengals,20,Kansas City Chiefs,26,Kansas City Chiefs,46,6
Cincinnati Bengals,27,Las Vegas Raiders,23,Cincinnati Bengals,50,4
Cincinnati Bengals,16,Los Angeles Chargers,28,Los Angeles Chargers,44,12
Cincinnati Bengals,18,Los Angeles Rams,25,Los Angeles Rams,43,7
Cincinnati Bengals,18,Miami Dolphins,24,Miami Dolphins,42,6
Cincinnati Bengals,21,Minnesota Vikings,28,Minnesota Vikings,49,7
Cincinnati Bengals,22,New England Patriots,21,Cincinnati Bengals,43,1
Cincinnati Bengals,22,New Orleans Saints,34,New Orleans Saints,56,12
Cincinnati Bengals,20,New York Giants,25,New York Giants,45,5
Cincinnati Bengals,21,New York Jets,24,New York Jets,45,3
Cincinnati Bengals,17,Philadelphia Eagles,23,Philadelphia Eagles,40,6
Cincinnati Bengals,16,Pittsburgh Steelers,26,Pittsburgh Steelers,42,10
Cincinnati Bengals,23,San Francisco 49ers,31,San Francisco 49ers,54,8
Cincinnati Bengals,21,Seattle Seahawks,25,Seattle Seahawks,46,4
Cincinnati Bengals,27,Tampa Bay Buccaneers,29,Tampa Bay Buccaneers,56,2
Cincinnati Bengals,24,Tennessee Titans,26,Tennessee Titans,50,2
Cincinnati Bengals,19,Washington Commanders,31,Washington Commanders,50,12
Cleveland Browns,21,Arizona Cardinals,22,Arizona Cardinals,43,1
Cleveland Browns,21,Atlanta Falcons,22,Atlanta Falcons,43,1
Cleveland Browns,23,Baltimore Ravens,24,Baltimore Ravens,47,1
Cleveland Browns,18,Buffalo Bills,25,Buffalo Bills,43,7
Cleveland Browns,25,Carolina Panthers,19,Cleveland Browns,44,6
Cleveland Browns,21,Chicago Bears,22,Chicago Bears,43,1
Cleveland Browns,23,Cincinnati Bengals,22,Cleveland Browns,45,1
Cleveland Browns,26,Dallas Cowboys,28,Dallas Cowboys,54,2
Cleveland Browns,20,Denver Broncos,24,Denver Broncos,44,4
Cleveland Browns,17,Detroit Lions,26,Detroit Lions,43,9
Cleveland Browns,21,Green Bay Packers,26,Green Bay Packers,47,5
Cleveland Browns,23,Houston Texans,24,Houston Texans,47,1
Cleveland Browns,23,Indianapolis Colts,27,Indianapolis Colts,50,4
Cleveland Browns,24,Jacksonville Jaguars,23,Cleveland Browns,47,1
Cleveland Browns,20,Kansas City Chiefs,23,Kansas City Chiefs,43,3
Cleveland Browns,26,Las Vegas Raiders,19,Cleveland Browns,45,7
Cleveland Browns,21,Los Angeles Chargers,24,Los Angeles Chargers,45,3
Cleveland Browns,20,Los Angeles Rams,23,Los Angeles Rams,43,3
Cleveland Browns,20,Miami Dolphins,22,Miami Dolphins,42,2
Cleveland Browns,20,Minnesota Vikings,23,Minnesota Vikings,43,3
Cleveland Browns,21,New England Patriots,22,New England Patriots,43,1
Cleveland Browns,21,New Orleans Saints,27,New Orleans Saints,48,6
Cleveland Browns,21,New York Giants,20,Cleveland Browns,41,1
Cleveland Browns,24,New York Jets,21,Cleveland Browns,45,3
Cleveland Browns,15,Philadelphia Eagles,19,Philadelphia Eagles,34,4
Cleveland Browns,17,Pittsburgh Steelers,20,Pittsburgh Steelers,37,3
Cleveland Browns,21,San Francisco 49ers,25,San Francisco 49ers,46,4
Cleveland Browns,22,Seattle Seahawks,23,Seattle Seahawks,45,1
Cleveland Browns,25,Tampa Bay Buccaneers,23,Cleveland Browns,48,2
Cleveland Browns,29,Tennessee Titans,20,Cleveland Browns,49,9
Cleveland Browns,21,Washington Commanders,24,Washington Commanders,45,3
Dallas Cowboys,25,Arizona Cardinals,31,Arizona Cardinals,56,6
Dallas Cowboys,31,Atlanta Falcons,27,Dallas Cowboys,58,4
Dallas Cowboys,31,Baltimore Ravens,32,Baltimore Ravens,63,1
Dallas Cowboys,22,Buffalo Bills,31,Buffalo Bills,53,9
Dallas Cowboys,32,Carolina Panthers,25,Dallas Cowboys,57,7
Dallas Cowboys,31,Chicago Bears,33,Chicago Bears,64,2
Dallas Cowboys,29,Cincinnati Bengals,27,Dallas Cowboys,56,2
Dallas Cowboys,31,Cleveland Browns,30,Dallas Cowboys,61,1
Dallas Cowboys,28,Denver Broncos,34,Denver Broncos,62,6
Dallas Cowboys,23,Detroit Lions,31,Detroit Lions,54,8
Dallas Cowboys,30,Green Bay Packers,35,Green Bay Packers,65,5
Dallas Cowboys,26,Houston Texans,32,Houston Texans,58,6
Dallas Cowboys,28,Indianapolis Colts,31,Indianapolis Colts,59,3
Dallas Cowboys,33,Jacksonville Jaguars,31,Dallas Cowboys,64,2
Dallas Cowboys,24,Kansas City Chiefs,27,Kansas City Chiefs,51,3
Dallas Cowboys,34,Las Vegas Raiders,30,Dallas Cowboys,64,4
Dallas Cowboys,25,Los Angeles Chargers,24,Dallas Cowboys,49,1
Dallas Cowboys,29,Los Angeles Rams,27,Dallas Cowboys,56,2
Dallas Cowboys,26,Miami Dolphins,25,Dallas Cowboys,51,1
Dallas Cowboys,30,Minnesota Vikings,28,Dallas Cowboys,58,2
Dallas Cowboys,32,New England Patriots,24,Dallas Cowboys,56,8
Dallas Cowboys,28,New Orleans Saints,36,New Orleans Saints,64,8
Dallas Cowboys,32,New York Giants,26,Dallas Cowboys,58,6
Dallas Cowboys,28,New York Jets,27,Dallas Cowboys,55,1
Dallas Cowboys,24,Philadelphia Eagles,27,Philadelphia Eagles,51,3
Dallas Cowboys,25,Pittsburgh Steelers,29,Pittsburgh Steelers,54,4
Dallas Cowboys,29,San Francisco 49ers,35,San Francisco 49ers,64,6
Dallas Cowboys,31,Seattle Seahawks,32,Seattle Seahawks,63,1
Dallas Cowboys,30,Tampa Bay Buccaneers,32,Tampa Bay Buccaneers,62,2
Dallas Cowboys,33,Tennessee Titans,27,Dallas Cowboys,60,6
Dallas Cowboys,27,Washington Commanders,30,Washington Commanders,57,3
Denver Broncos,23,Arizona Cardinals,21,Denver Broncos,44,2
Denver Broncos,21,Atlanta Falcons,22,Atlanta Falcons,43,1
Denver Broncos,21,Baltimore Ravens,22,Baltimore Ravens,43,1
Denver Broncos,18,Buffalo Bills,25,Buffalo Bills,43,7
Denver Broncos,24,Carolina Panthers,20,Denver Broncos,44,4
Denver Broncos,22,Chicago Bears,23,Chicago Bears,45,1
Denver Broncos,23,Cincinnati Bengals,20,Denver Broncos,43,3
Denver Broncos,22,Cleveland Browns,19,Denver Broncos,41,3
Denver Broncos,29,Dallas Cowboys,24,Denver Broncos,53,5
Denver Broncos,19,Detroit Lions,26,Detroit Lions,45,7
Denver Broncos,22,Green Bay Packers,24,Green Bay Packers,46,2
Denver Broncos,21,Houston Texans,23,Houston Texans,44,2
Denver Broncos,18,Indianapolis Colts,21,Indianapolis Colts,39,3
Denver Broncos,24,Jacksonville Jaguars,22,Denver Broncos,46,2
Denver Broncos,21,Kansas City Chiefs,19,Denver Broncos,40,2
Denver Broncos,25,Las Vegas Raiders,19,Denver Broncos,44,6
Denver Broncos,18,Los Angeles Chargers,16,Denver Broncos,34,2
Denver Broncos,21,Los Angeles Rams,25,Los Angeles Rams,46,4
Denver Broncos,19,Miami Dolphins,25,Miami Dolphins,44,6
Denver Broncos,22,Minnesota Vikings,24,Minnesota Vikings,46,2
Denver Broncos,23,New England Patriots,18,Denver Broncos,41,5
Denver Broncos,22,New Orleans Saints,28,New Orleans Saints,50,6
Denver Broncos,23,New York Giants,20,Denver Broncos,43,3
Denver Broncos,22,New York Jets,19,Denver Broncos,41,3
Denver Broncos,17,Philadelphia Eagles,22,Philadelphia Eagles,39,5
Denver Broncos,17,Pittsburgh Steelers,19,Pittsburgh Steelers,36,2
Denver Broncos,22,San Francisco 49ers,23,San Francisco 49ers,45,1
Denver Broncos,22,Seattle Seahawks,21,Denver Broncos,43,1
Denver Broncos,26,Tampa Bay Buccaneers,22,Denver Broncos,48,4
Denver Broncos,24,Tennessee Titans,18,Denver Broncos,42,6
Denver Broncos,20,Washington Commanders,24,Washington Commanders,44,4
Detroit Lions,26,Arizona Cardinals,18,Detroit Lions,44,8
Detroit Lions,24,Atlanta Falcons,17,Detroit Lions,41,7
Detroit Lions,26,Baltimore Ravens,23,Detroit Lions,49,3
Detroit Lions,21,Buffalo Bills,20,Detroit Lions,41,1
Detroit Lions,29,Carolina Panthers,17,Detroit Lions,46,12
Detroit Lions,26,Chicago Bears,22,Detroit Lions,48,4
Detroit Lions,26,Cincinnati Bengals,20,Detroit Lions,46,6
Detroit Lions,25,Cleveland Browns,18,Detroit Lions,43,7
Detroit Lions,26,Dallas Cowboys,21,Detroit Lions,47,5
Detroit Lions,27,Denver Broncos,22,Detroit Lions,49,5
Detroit Lions,27,Green Bay Packers,23,Detroit Lions,50,4
Detroit Lions,24,Houston Texans,25,Houston Texans,49,1
Detroit Lions,26,Indianapolis Colts,25,Detroit Lions,51,1
Detroit Lions,31,Jacksonville Jaguars,18,Detroit Lions,49,13
Detroit Lions,24,Kansas City Chiefs,20,Detroit Lions,44,4
Detroit Lions,30,Las Vegas Raiders,15,Detroit Lions,45,15
Detroit Lions,30,Los Angeles Chargers,25,Detroit Lions,55,5
Detroit Lions,25,Los Angeles Rams,19,Detroit Lions,44,6
Detroit Lions,25,Miami Dolphins,17,Detroit Lions,42,8
Detroit Lions,27,Minnesota Vikings,20,Detroit Lions,47,7
Detroit Lions,25,New England Patriots,16,Detroit Lions,41,9
Detroit Lions,29,New Orleans Saints,27,Detroit Lions,56,2
Detroit Lions,27,New York Giants,18,Detroit Lions,45,9
Detroit Lions,25,New York Jets,19,Detroit Lions,44,6
Detroit Lions,21,Philadelphia Eagles,20,Detroit Lions,41,1
Detroit Lions,21,Pittsburgh Steelers,17,Detroit Lions,38,4
Detroit Lions,29,San Francisco 49ers,25,Detroit Lions,54,4
Detroit Lions,30,Seattle Seahawks,24,Detroit Lions,54,6
Detroit Lions,28,Tampa Bay Buccaneers,20,Detroit Lions,48,8
Detroit Lions,32,Tennessee Titans,21,Detroit Lions,53,11
Detroit Lions,25,Washington Commanders,22,Detroit Lions,47,3
Green Bay Packers,22,Arizona Cardinals,24,Arizona Cardinals,46,2
Green Bay Packers,25,Atlanta Falcons,22,Green Bay Packers,47,3
Green Bay Packers,26,Baltimore Ravens,24,Green Bay Packers,50,2
Green Bay Packers,21,Buffalo Bills,22,Buffalo Bills,43,1
Green Bay Packers,28,Carolina Panthers,19,Green Bay Packers,47,9
Green Bay Packers,25,Chicago Bears,23,Green Bay Packers,48,2
Green Bay Packers,28,Cincinnati Bengals,23,Green Bay Packers,51,5
Green Bay Packers,25,Cleveland Browns,21,Green Bay Packers,46,4
Green Bay Packers,30,Dallas Cowboys,26,Green Bay Packers,56,4
Green Bay Packers,25,Denver Broncos,24,Green Bay Packers,49,1
Green Bay Packers,21,Detroit Lions,27,Detroit Lions,48,6
Green Bay Packers,27,Houston Texans,25,Green Bay Packers,52,2
Green Bay Packers,23,Indianapolis Colts,25,Indianapolis Colts,48,2
Green Bay Packers,27,Jacksonville Jaguars,23,Green Bay Packers,50,4
Green Bay Packers,24,Kansas City Chiefs,21,Green Bay Packers,45,3
Green Bay Packers,27,Las Vegas Raiders,20,Green Bay Packers,47,7
Green Bay Packers,23,Los Angeles Chargers,19,Green Bay Packers,42,4
Green Bay Packers,24,Los Angeles Rams,19,Green Bay Packers,43,5
Green Bay Packers,24,Miami Dolphins,19,Green Bay Packers,43,5
Green Bay Packers,25,Minnesota Vikings,23,Green Bay Packers,48,2
Green Bay Packers,27,New England Patriots,20,Green Bay Packers,47,7
Green Bay Packers,23,New Orleans Saints,29,New Orleans Saints,52,6
Green Bay Packers,25,New York Giants,22,Green Bay Packers,47,3
Green Bay Packers,26,New York Jets,22,Green Bay Packers,48,4
Green Bay Packers,22,Philadelphia Eagles,23,Philadelphia Eagles,45,1
Green Bay Packers,22,Pittsburgh Steelers,21,Green Bay Packers,43,1
Green Bay Packers,27,San Francisco 49ers,28,San Francisco 49ers,55,1
Green Bay Packers,24,Seattle Seahawks,19,Green Bay Packers,43,5
Green Bay Packers,27,Tampa Bay Buccaneers,26,Green Bay Packers,53,1
Green Bay Packers,31,Tennessee Titans,21,Green Bay Packers,52,10
Green Bay Packers,22,Washington Commanders,24,Washington Commanders,46,2
Houston Texans,23,Arizona Cardinals,21,Houston Texans,44,2
Houston Texans,27,Atlanta Falcons,22,Houston Texans,49,5
Houston Texans,25,Baltimore Ravens,24,Houston Texans,49,1
Houston Texans,20,Buffalo Bills,24,Buffalo Bills,44,4
Houston Texans,25,Carolina Panthers,17,Houston Texans,42,8
Houston Texans,25,Chicago Bears,24,Houston Texans,49,1
Houston Texans,29,Cincinnati Bengals,23,Houston Texans,52,6
Houston Texans,24,Cleveland Browns,23,Houston Texans,47,1
Houston Texans,29,Dallas Cowboys,23,Houston Texans,52,6
Houston Texans,25,Denver Broncos,22,Houston Texans,47,3
Houston Texans,25,Detroit Lions,23,Houston Texans,48,2
Houston Texans,25,Green Bay Packers,27,Green Bay Packers,52,2
Houston Texans,25,Indianapolis Colts,24,Houston Texans,49,1
Houston Texans,27,Jacksonville Jaguars,22,Houston Texans,49,5
Houston Texans,24,Kansas City Chiefs,22,Houston Texans,46,2
Houston Texans,29,Las Vegas Raiders,22,Houston Texans,51,7
Houston Texans,23,Los Angeles Chargers,22,Houston Texans,45,1
Houston Texans,27,Los Angeles Rams,24,Houston Texans,51,3
Houston Texans,22,Miami Dolphins,19,Houston Texans,41,3
Houston Texans,22,Minnesota Vikings,25,Minnesota Vikings,47,3
Houston Texans,27,New England Patriots,16,Houston Texans,43,11
Houston Texans,27,New Orleans Saints,25,Houston Texans,52,2
Houston Texans,25,New York Giants,22,Houston Texans,47,3
Houston Texans,24,New York Jets,20,Houston Texans,44,4
Houston Texans,21,Philadelphia Eagles,20,Houston Texans,41,1
Houston Texans,22,Pittsburgh Steelers,19,Houston Texans,41,3
Houston Texans,23,San Francisco 49ers,25,San Francisco 49ers,48,2
Houston Texans,27,Seattle Seahawks,23,Houston Texans,50,4
Houston Texans,32,Tampa Bay Buccaneers,24,Houston Texans,56,8
Houston Texans,31,Tennessee Titans,17,Houston Texans,48,14
Houston Texans,21,Washington Commanders,22,Washington Commanders,43,1
Indianapolis Colts,24,Arizona Cardinals,18,Indianapolis Colts,42,6
Indianapolis Colts,24,Atlanta Falcons,19,Indianapolis Colts,43,5
Indianapolis Colts,27,Baltimore Ravens,21,Indianapolis Colts,48,6
Indianapolis Colts,25,Buffalo Bills,17,Indianapolis Colts,42,8
Indianapolis Colts,30,Carolina Panthers,13,Indianapolis Colts,43,17
Indianapolis Colts,26,Chicago Bears,19,Indianapolis Colts,45,7
Indianapolis Colts,27,Cincinnati Bengals,21,Indianapolis Colts,48,6
Indianapolis Colts,27,Cleveland Browns,21,Indianapolis Colts,48,6
Indianapolis Colts,28,Dallas Cowboys,23,Indianapolis Colts,51,5
Indianapolis Colts,23,Denver Broncos,18,Indianapolis Colts,41,5
Indianapolis Colts,25,Detroit Lions,23,Indianapolis Colts,48,2
Indianapolis Colts,26,Green Bay Packers,21,Indianapolis Colts,47,5
Indianapolis Colts,25,Houston Texans,21,Indianapolis Colts,46,4
Indianapolis Colts,28,Jacksonville Jaguars,22,Indianapolis Colts,50,6
Indianapolis Colts,23,Kansas City Chiefs,16,Indianapolis Colts,39,7
Indianapolis Colts,28,Las Vegas Raiders,15,Indianapolis Colts,43,13
Indianapolis Colts,14,Los Angeles Chargers,13,Indianapolis Colts,27,1
Indianapolis Colts,25,Los Angeles Rams,19,Indianapolis Colts,44,6
Indianapolis Colts,23,Miami Dolphins,14,Indianapolis Colts,37,9
Indianapolis Colts,28,Minnesota Vikings,20,Indianapolis Colts,48,8
Indianapolis Colts,24,New England Patriots,12,Indianapolis Colts,36,12
Indianapolis Colts,26,New Orleans Saints,27,New Orleans Saints,53,1
Indianapolis Colts,26,New York Giants,19,Indianapolis Colts,45,7
Indianapolis Colts,30,New York Jets,17,Indianapolis Colts,47,13
Indianapolis Colts,19,Philadelphia Eagles,15,Indianapolis Colts,34,4
Indianapolis Colts,23,Pittsburgh Steelers,16,Indianapolis Colts,39,7
Indianapolis Colts,28,San Francisco 49ers,21,Indianapolis Colts,49,7
Indianapolis Colts,26,Seattle Seahawks,20,Indianapolis Colts,46,6
Indianapolis Colts,32,Tampa Bay Buccaneers,21,Indianapolis Colts,53,11
Indianapolis Colts,32,Tennessee Titans,16,Indianapolis Colts,48,16
Indianapolis Colts,23,Washington Commanders,18,Indianapolis Colts,41,5
Jacksonville Jaguars,19,Arizona Cardinals,26,Arizona Cardinals,45,7
Jacksonville Jaguars,20,Atlanta Falcons,21,Atlanta Falcons,41,1
Jacksonville Jaguars,22,Baltimore Ravens,27,Baltimore Ravens,49,5
Jacksonville Jaguars,17,Buffalo Bills,26,Buffalo Bills,43,9
Jacksonville Jaguars,24,Carolina Panthers,19,Jacksonville Jaguars,43,5
Jacksonville Jaguars,19,Chicago Bears,29,Chicago Bears,48,10
Jacksonville Jaguars,25,Cincinnati Bengals,26,Cincinnati Bengals,51,1
Jacksonville Jaguars,20,Cleveland Browns,23,Cleveland Browns,43,3
Jacksonville Jaguars,25,Dallas Cowboys,29,Dallas Cowboys,54,4
Jacksonville Jaguars,21,Denver Broncos,25,Denver Broncos,46,4
Jacksonville Jaguars,15,Detroit Lions,30,Detroit Lions,45,15
Jacksonville Jaguars,21,Green Bay Packers,27,Green Bay Packers,48,6
Jacksonville Jaguars,21,Houston Texans,26,Houston Texans,47,5
Jacksonville Jaguars,22,Indianapolis Colts,26,Indianapolis Colts,48,4
Jacksonville Jaguars,18,Kansas City Chiefs,23,Kansas City Chiefs,41,5
Jacksonville Jaguars,26,Las Vegas Raiders,21,Jacksonville Jaguars,47,5
Jacksonville Jaguars,22,Los Angeles Chargers,21,Jacksonville Jaguars,43,1
Jacksonville Jaguars,15,Los Angeles Rams,27,Los Angeles Rams,42,12
Jacksonville Jaguars,18,Miami Dolphins,20,Miami Dolphins,38,2
Jacksonville Jaguars,21,Minnesota Vikings,25,Minnesota Vikings,46,4
Jacksonville Jaguars,23,New England Patriots,24,New England Patriots,47,1
Jacksonville Jaguars,22,New Orleans Saints,28,New Orleans Saints,50,6
Jacksonville Jaguars,20,New York Giants,22,New York Giants,42,2
Jacksonville Jaguars,21,New York Jets,19,Jacksonville Jaguars,40,2
Jacksonville Jaguars,16,Philadelphia Eagles,23,Philadelphia Eagles,39,7
Jacksonville Jaguars,16,Pittsburgh Steelers,21,Pittsburgh Steelers,37,5
Jacksonville Jaguars,20,San Francisco 49ers,31,San Francisco 49ers,51,11
Jacksonville Jaguars,20,Seattle Seahawks,25,Seattle Seahawks,45,5
Jacksonville Jaguars,24,Tampa Bay Buccaneers,27,Tampa Bay Buccaneers,51,3
Jacksonville Jaguars,29,Tennessee Titans,22,Jacksonville Jaguars,51,7
Jacksonville Jaguars,18,Washington Commanders,26,Washington Commanders,44,8
Kansas City Chiefs,24,Arizona Cardinals,21,Kansas City Chiefs,45,3
Kansas City Chiefs,21,Atlanta Falcons,20,Kansas City Chiefs,41,1
Kansas City Chiefs,27,Baltimore Ravens,24,Kansas City Chiefs,51,3
Kansas City Chiefs,19,Buffalo Bills,23,Buffalo Bills,42,4
Kansas City Chiefs,26,Carolina Panthers,19,Kansas City Chiefs,45,7
Kansas City Chiefs,24,Chicago Bears,21,Kansas City Chiefs,45,3
Kansas City Chiefs,24,Cincinnati Bengals,22,Kansas City Chiefs,46,2
Kansas City Chiefs,23,Cleveland Browns,20,Kansas City Chiefs,43,3
Kansas City Chiefs,24,Dallas Cowboys,22,Kansas City Chiefs,46,2
Kansas City Chiefs,21,Denver Broncos,23,Denver Broncos,44,2
Kansas City Chiefs,20,Detroit Lions,25,Detroit Lions,45,5
Kansas City Chiefs,22,Green Bay Packers,25,Green Bay Packers,47,3
Kansas City Chiefs,23,Houston Texans,25,Houston Texans,48,2
Kansas City Chiefs,19,Indianapolis Colts,23,Indianapolis Colts,42,4
Kansas City Chiefs,25,Jacksonville Jaguars,20,Kansas City Chiefs,45,5
Kansas City Chiefs,25,Las Vegas Raiders,18,Kansas City Chiefs,43,7
Kansas City Chiefs,17,Los Angeles Chargers,18,Los Angeles Chargers,35,1
Kansas City Chiefs,24,Los Angeles Rams,22,Kansas City Chiefs,46,2
Kansas City Chiefs,21,Miami Dolphins,17,Kansas City Chiefs,38,4
Kansas City Chiefs,22,Minnesota Vikings,23,Minnesota Vikings,45,1
Kansas City Chiefs,25,New England Patriots,16,Kansas City Chiefs,41,9
Kansas City Chiefs,25,New Orleans Saints,28,New Orleans Saints,53,3
Kansas City Chiefs,21,New York Giants,18,Kansas City Chiefs,39,3
Kansas City Chiefs,24,New York Jets,20,Kansas City Chiefs,44,4
Kansas City Chiefs,20,Philadelphia Eagles,19,Kansas City Chiefs,39,1
Kansas City Chiefs,22,Pittsburgh Steelers,19,Kansas City Chiefs,41,3
Kansas City Chiefs,27,San Francisco 49ers,26,Kansas City Chiefs,53,1
Kansas City Chiefs,24,Seattle Seahawks,21,Kansas City Chiefs,45,3
Kansas City Chiefs,28,Tampa Bay Buccaneers,24,Kansas City Chiefs,52,4
Kansas City Chiefs,26,Tennessee Titans,20,Kansas City Chiefs,46,6
Kansas City Chiefs,23,Washington Commanders,22,Kansas City Chiefs,45,1
Las Vegas Raiders,22,Arizona Cardinals,27,Arizona Cardinals,49,5
Las Vegas Raiders,19,Atlanta Falcons,29,Atlanta Falcons,48,10
Las Vegas Raiders,24,Baltimore Ravens,27,Baltimore Ravens,51,3
Las Vegas Raiders,15,Buffalo Bills,31,Buffalo Bills,46,16
Las Vegas Raiders,23,Carolina Panthers,27,Carolina Panthers,50,4
Las Vegas Raiders,21,Chicago Bears,31,Chicago Bears,52,10
Las Vegas Raiders,23,Cincinnati Bengals,27,Cincinnati Bengals,50,4
Las Vegas Raiders,21,Cleveland Browns,25,Cleveland Browns,46,4
Las Vegas Raiders,28,Dallas Cowboys,30,Dallas Cowboys,58,2
Las Vegas Raiders,23,Denver Broncos,26,Denver Broncos,49,3
Las Vegas Raiders,17,Detroit Lions,29,Detroit Lions,46,12
Las Vegas Raiders,22,Green Bay Packers,27,Green Bay Packers,49,5
Las Vegas Raiders,25,Houston Texans,28,Houston Texans,53,3
Las Vegas Raiders,19,Indianapolis Colts,26,Indianapolis Colts,45,7
Las Vegas Raiders,24,Jacksonville Jaguars,27,Jacksonville Jaguars,51,3
Las Vegas Raiders,20,Kansas City Chiefs,23,Kansas City Chiefs,43,3
Las Vegas Raiders,20,Los Angeles Chargers,23,Los Angeles Chargers,43,3
Las Vegas Raiders,20,Los Angeles Rams,24,Los Angeles Rams,44,4
Las Vegas Raiders,18,Miami Dolphins,22,Miami Dolphins,40,4
Las Vegas Raiders,18,Minnesota Vikings,23,Minnesota Vikings,41,5
Las Vegas Raiders,25,New England Patriots,19,Las Vegas Raiders,44,6
Las Vegas Raiders,13,New Orleans Saints,31,New Orleans Saints,44,18
Las Vegas Raiders,27,New York Giants,18,Las Vegas Raiders,45,9
Las Vegas Raiders,20,New York Jets,19,Las Vegas Raiders,39,1
Las Vegas Raiders,20,Philadelphia Eagles,23,Philadelphia Eagles,43,3
Las Vegas Raiders,17,Pittsburgh Steelers,24,Pittsburgh Steelers,41,7
Las Vegas Raiders,26,San Francisco 49ers,32,San Francisco 49ers,58,6
Las Vegas Raiders,28,Seattle Seahawks,27,Las Vegas Raiders,55,1
Las Vegas Raiders,26,Tampa Bay Buccaneers,31,Tampa Bay Buccaneers,57,5
Las Vegas Raiders,29,Tennessee Titans,25,Las Vegas Raiders,54,4
Las Vegas Raiders,19,Washington Commanders,27,Washington Commanders,46,8
Los Angeles Chargers,16,Arizona Cardinals,19,Arizona Cardinals,35,3
Los Angeles Chargers,19,Atlanta Falcons,14,Los Angeles Chargers,33,5
Los Angeles Chargers,20,Baltimore Ravens,18,Los Angeles Chargers,38,2
Los Angeles Chargers,16,Buffalo Bills,19,Buffalo Bills,35,3
Los Angeles Chargers,26,Carolina Panthers,6,Los Angeles Chargers,32,20
Los Angeles Chargers,24,Chicago Bears,16,Los Angeles Chargers,40,8
Los Angeles Chargers,26,Cincinnati Bengals,15,Los Angeles Chargers,41,11
Los Angeles Chargers,24,Cleveland Browns,19,Los Angeles Chargers,43,5
Los Angeles Chargers,21,Dallas Cowboys,20,Los Angeles Chargers,41,1
Los Angeles Chargers,19,Denver Broncos,18,Los Angeles Chargers,37,1
Los Angeles Chargers,25,Detroit Lions,28,Detroit Lions,53,3
Los Angeles Chargers,19,Green Bay Packers,22,Green Bay Packers,41,3
Los Angeles Chargers,23,Houston Texans,19,Los Angeles Chargers,42,4
Los Angeles Chargers,16,Indianapolis Colts,10,Los Angeles Chargers,26,6
Los Angeles Chargers,22,Jacksonville Jaguars,21,Los Angeles Chargers,43,1
Los Angeles Chargers,17,Kansas City Chiefs,14,Los Angeles Chargers,31,3
Los Angeles Chargers,24,Las Vegas Raiders,16,Los Angeles Chargers,40,8
Los Angeles Chargers,22,Los Angeles Rams,8,Los Angeles Chargers,30,14
Los Angeles Chargers,20,Miami Dolphins,15,Los Angeles Chargers,35,5
Los Angeles Chargers,23,Minnesota Vikings,16,Los Angeles Chargers,39,7
Los Angeles Chargers,20,New England Patriots,8,Los Angeles Chargers,28,12
Los Angeles Chargers,22,New Orleans Saints,23,New Orleans Saints,45,1
Los Angeles Chargers,25,New York Giants,14,Los Angeles Chargers,39,11
Los Angeles Chargers,24,New York Jets,12,Los Angeles Chargers,36,12
Los Angeles Chargers,17,Philadelphia Eagles,13,Los Angeles Chargers,30,4
Los Angeles Chargers,15,Pittsburgh Steelers,14,Los Angeles Chargers,29,1
Los Angeles Chargers,17,San Francisco 49ers,18,San Francisco 49ers,35,1
Los Angeles Chargers,21,Seattle Seahawks,22,Seattle Seahawks,43,1
Los Angeles Chargers,26,Tampa Bay Buccaneers,20,Los Angeles Chargers,46,6
Los Angeles Chargers,26,Tennessee Titans,15,Los Angeles Chargers,41,11
Los Angeles Chargers,15,Washington Commanders,18,Washington Commanders,33,3
Los Angeles Rams,22,Arizona Cardinals,21,Los Angeles Rams,43,1
Los Angeles Rams,24,Atlanta Falcons,19,Los Angeles Rams,43,5
Los Angeles Rams,29,Baltimore Ravens,22,Los Angeles Rams,51,7
Los Angeles Rams,19,Buffalo Bills,24,Buffalo Bills,43,5
Los Angeles Rams,28,Carolina Panthers,15,Los Angeles Rams,43,13
Los Angeles Rams,23,Chicago Bears,20,Los Angeles Rams,43,3
Los Angeles Rams,23,Cincinnati Bengals,19,Los Angeles Rams,42,4
Los Angeles Rams,23,Cleveland Browns,19,Los Angeles Rams,42,4
Los Angeles Rams,24,Dallas Cowboys,25,Dallas Cowboys,49,1
Los Angeles Rams,28,Denver Broncos,21,Los Angeles Rams,49,7
Los Angeles Rams,19,Detroit Lions,24,Detroit Lions,43,5
Los Angeles Rams,20,Green Bay Packers,23,Green Bay Packers,43,3
Los Angeles Rams,26,Houston Texans,25,Los Angeles Rams,51,1
Los Angeles Rams,24,Indianapolis Colts,23,Los Angeles Rams,47,1
Los Angeles Rams,30,Jacksonville Jaguars,16,Los Angeles Rams,46,14
Los Angeles Rams,23,Kansas City Chiefs,22,Los Angeles Rams,45,1
Los Angeles Rams,26,Las Vegas Raiders,17,Los Angeles Rams,43,9
Los Angeles Rams,11,Los Angeles Chargers,21,Los Angeles Chargers,32,10
Los Angeles Rams,18,Miami Dolphins,17,Los Angeles Rams,35,1
Los Angeles Rams,24,Minnesota Vikings,23,Los Angeles Rams,47,1
Los Angeles Rams,23,New England Patriots,13,Los Angeles Rams,36,10
Los Angeles Rams,26,New Orleans Saints,25,Los Angeles Rams,51,1
Los Angeles Rams,25,New York Giants,18,Los Angeles Rams,43,7
Los Angeles Rams,22,New York Jets,17,Los Angeles Rams,39,5
Los Angeles Rams,19,Philadelphia Eagles,18,Los Angeles Rams,37,1
Los Angeles Rams,19,Pittsburgh Steelers,18,Los Angeles Rams,37,1
Los Angeles Rams,25,San Francisco 49ers,24,Los Angeles Rams,49,1
Los Angeles Rams,23,Seattle Seahawks,18,Los Angeles Rams,41,5
Los Angeles Rams,26,Tampa Bay Buccaneers,21,Los Angeles Rams,47,5
Los Angeles Rams,25,Tennessee Titans,21,Los Angeles Rams,46,4
Los Angeles Rams,23,Washington Commanders,22,Los Angeles Rams,45,1
Miami Dolphins,21,Arizona Cardinals,25,Arizona Cardinals,46,4
Miami Dolphins,20,Atlanta Falcons,24,Atlanta Falcons,44,4
Miami Dolphins,24,Baltimore Ravens,30,Baltimore Ravens,54,6
Miami Dolphins,14,Buffalo Bills,26,Buffalo Bills,40,12
Miami Dolphins,26,Carolina Panthers,21,Miami Dolphins,47,5
Miami Dolphins,22,Chicago Bears,27,Chicago Bears,49,5
Miami Dolphins,22,Cincinnati Bengals,23,Cincinnati Bengals,45,1
Miami Dolphins,22,Cleveland Browns,24,Cleveland Browns,46,2
Miami Dolphins,21,Dallas Cowboys,26,Dallas Cowboys,47,5
Miami Dolphins,26,Denver Broncos,24,Miami Dolphins,50,2
Miami Dolphins,17,Detroit Lions,28,Detroit Lions,45,11
Miami Dolphins,19,Green Bay Packers,28,Green Bay Packers,47,9
Miami Dolphins,20,Houston Texans,25,Houston Texans,45,5
Miami Dolphins,17,Indianapolis Colts,26,Indianapolis Colts,43,9
Miami Dolphins,22,Jacksonville Jaguars,23,Jacksonville Jaguars,45,1
Miami Dolphins,17,Kansas City Chiefs,24,Kansas City Chiefs,41,7
Miami Dolphins,23,Las Vegas Raiders,19,Miami Dolphins,42,4
Miami Dolphins,18,Los Angeles Chargers,23,Los Angeles Chargers,41,5
Miami Dolphins,19,Los Angeles Rams,21,Los Angeles Rams,40,2
Miami Dolphins,18,Minnesota Vikings,28,Minnesota Vikings,46,10
Miami Dolphins,23,New England Patriots,18,Miami Dolphins,41,5
Miami Dolphins,19,New Orleans Saints,28,New Orleans Saints,47,9
Miami Dolphins,22,New York Giants,21,Miami Dolphins,43,1
Miami Dolphins,21,New York Jets,18,Miami Dolphins,39,3
Miami Dolphins,16,Philadelphia Eagles,23,Philadelphia Eagles,39,7
Miami Dolphins,16,Pittsburgh Steelers,21,Pittsburgh Steelers,37,5
Miami Dolphins,23,San Francisco 49ers,28,San Francisco 49ers,51,5
Miami Dolphins,18,Seattle Seahawks,24,Seattle Seahawks,42,6
Miami Dolphins,23,Tampa Bay Buccaneers,28,Tampa Bay Buccaneers,51,5
Miami Dolphins,25,Tennessee Titans,23,Miami Dolphins,48,2
Miami Dolphins,20,Washington Commanders,24,Washington Commanders,44,4
Minnesota Vikings,24,Arizona Cardinals,21,Minnesota Vikings,45,3
Minnesota Vikings,24,Atlanta Falcons,21,Minnesota Vikings,45,3
Minnesota Vikings,26,Baltimore Ravens,22,Minnesota Vikings,48,4
Minnesota Vikings,20,Buffalo Bills,22,Buffalo Bills,42,2
Minnesota Vikings,27,Carolina Panthers,16,Minnesota Vikings,43,11
Minnesota Vikings,22,Chicago Bears,20,Minnesota Vikings,42,2
Minnesota Vikings,25,Cincinnati Bengals,20,Minnesota Vikings,45,5
Minnesota Vikings,21,Cleveland Browns,18,Minnesota Vikings,39,3
Minnesota Vikings,23,Dallas Cowboys,24,Dallas Cowboys,47,1
Minnesota Vikings,24,Denver Broncos,21,Minnesota Vikings,45,3
Minnesota Vikings,18,Detroit Lions,24,Detroit Lions,42,6
Minnesota Vikings,22,Green Bay Packers,23,Green Bay Packers,45,1
Minnesota Vikings,24,Houston Texans,19,Minnesota Vikings,43,5
Minnesota Vikings,21,Indianapolis Colts,25,Indianapolis Colts,46,4
Minnesota Vikings,25,Jacksonville Jaguars,20,Minnesota Vikings,45,5
Minnesota Vikings,21,Kansas City Chiefs,19,Minnesota Vikings,40,2
Minnesota Vikings,23,Las Vegas Raiders,13,Minnesota Vikings,36,10
Minnesota Vikings,17,Los Angeles Chargers,20,Los Angeles Chargers,37,3
Minnesota Vikings,23,Los Angeles Rams,20,Minnesota Vikings,43,3
Minnesota Vikings,23,Miami Dolphins,15,Minnesota Vikings,38,8
Minnesota Vikings,24,New England Patriots,16,Minnesota Vikings,40,8
Minnesota Vikings,25,New Orleans Saints,26,New Orleans Saints,51,1
Minnesota Vikings,23,New York Giants,16,Minnesota Vikings,39,7
Minnesota Vikings,26,New York Jets,17,Minnesota Vikings,43,9
Minnesota Vikings,19,Philadelphia Eagles,17,Minnesota Vikings,36,2
Minnesota Vikings,21,Pittsburgh Steelers,19,Minnesota Vikings,40,2
Minnesota Vikings,24,San Francisco 49ers,23,Minnesota Vikings,47,1
Minnesota Vikings,25,Seattle Seahawks,19,Minnesota Vikings,44,6
Minnesota Vikings,26,Tampa Bay Buccaneers,19,Minnesota Vikings,45,7
Minnesota Vikings,30,Tennessee Titans,19,Minnesota Vikings,49,11
Minnesota Vikings,21,Washington Commanders,20,Minnesota Vikings,41,1
New England Patriots,16,Arizona Cardinals,23,Arizona Cardinals,39,7
New England Patriots,19,Atlanta Falcons,18,New England Patriots,37,1
New England Patriots,19,Baltimore Ravens,28,Baltimore Ravens,47,9
New England Patriots,15,Buffalo Bills,26,Buffalo Bills,41,11
New England Patriots,21,Carolina Panthers,19,New England Patriots,40,2
New England Patriots,19,Chicago Bears,28,Chicago Bears,47,9
New England Patriots,17,Cincinnati Bengals,21,Cincinnati Bengals,38,4
New England Patriots,21,Cleveland Browns,20,New England Patriots,41,1
New England Patriots,19,Dallas Cowboys,28,Dallas Cowboys,47,9
New England Patriots,18,Denver Broncos,24,Denver Broncos,42,6
New England Patriots,14,Detroit Lions,24,Detroit Lions,38,10
New England Patriots,18,Green Bay Packers,27,Green Bay Packers,45,9
New England Patriots,16,Houston Texans,26,Houston Texans,42,10
New England Patriots,13,Indianapolis Colts,22,Indianapolis Colts,35,9
New England Patriots,24,Jacksonville Jaguars,23,New England Patriots,47,1
New England Patriots,14,Kansas City Chiefs,23,Kansas City Chiefs,37,9
New England Patriots,18,Las Vegas Raiders,22,Las Vegas Raiders,40,4
New England Patriots,9,Los Angeles Chargers,19,Los Angeles Chargers,28,10
New England Patriots,13,Los Angeles Rams,21,Los Angeles Rams,34,8
New England Patriots,13,Miami Dolphins,21,Miami Dolphins,34,8
New England Patriots,17,Minnesota Vikings,25,Minnesota Vikings,42,8
New England Patriots,16,New Orleans Saints,30,New Orleans Saints,46,14
New England Patriots,17,New York Giants,20,New York Giants,37,3
New England Patriots,13,New York Jets,21,New York Jets,34,8
New England Patriots,12,Philadelphia Eagles,20,Philadelphia Eagles,32,8
New England Patriots,13,Pittsburgh Steelers,19,Pittsburgh Steelers,32,6
New England Patriots,18,San Francisco 49ers,28,San Francisco 49ers,46,10
New England Patriots,19,Seattle Seahawks,24,Seattle Seahawks,43,5
New England Patriots,20,Tampa Bay Buccaneers,23,Tampa Bay Buccaneers,43,3
New England Patriots,23,Tennessee Titans,22,New England Patriots,45,1
New England Patriots,15,Washington Commanders,24,Washington Commanders,39,9
New Orleans Saints,32,Arizona Cardinals,29,New Orleans Saints,61,3
New Orleans Saints,31,Atlanta Falcons,25,New Orleans Saints,56,6
New Orleans Saints,31,Baltimore Ravens,28,New Orleans Saints,59,3
New Orleans Saints,28,Buffalo Bills,27,New Orleans Saints,55,1
New Orleans Saints,35,Carolina Panthers,20,New Orleans Saints,55,15
New Orleans Saints,30,Chicago Bears,28,New Orleans Saints,58,2
New Orleans Saints,34,Cincinnati Bengals,26,New Orleans Saints,60,8
New Orleans Saints,28,Cleveland Browns,24,New Orleans Saints,52,4
New Orleans Saints,34,Dallas Cowboys,27,New Orleans Saints,61,7
New Orleans Saints,31,Denver Broncos,26,New Orleans Saints,57,5
New Orleans Saints,28,Detroit Lions,32,Detroit Lions,60,4
New Orleans Saints,30,Green Bay Packers,27,New Orleans Saints,57,3
New Orleans Saints,27,Houston Texans,29,Houston Texans,56,2
New Orleans Saints,31,Indianapolis Colts,27,New Orleans Saints,58,4
New Orleans Saints,31,Jacksonville Jaguars,26,New Orleans Saints,57,5
New Orleans Saints,28,Kansas City Chiefs,26,New Orleans Saints,54,2
New Orleans Saints,34,Las Vegas Raiders,12,New Orleans Saints,46,22
New Orleans Saints,26,Los Angeles Chargers,24,New Orleans Saints,50,2
New Orleans Saints,28,Los Angeles Rams,26,New Orleans Saints,54,2
New Orleans Saints,26,Miami Dolphins,21,New Orleans Saints,47,5
New Orleans Saints,30,Minnesota Vikings,28,New Orleans Saints,58,2
New Orleans Saints,32,New England Patriots,20,New Orleans Saints,52,12
New Orleans Saints,29,New York Giants,22,New Orleans Saints,51,7
New Orleans Saints,31,New York Jets,22,New Orleans Saints,53,9
New Orleans Saints,23,Philadelphia Eagles,22,New Orleans Saints,45,1
New Orleans Saints,26,Pittsburgh Steelers,24,New Orleans Saints,50,2
New Orleans Saints,30,San Francisco 49ers,29,New Orleans Saints,59,1
New Orleans Saints,33,Seattle Seahawks,25,New Orleans Saints,58,8
New Orleans Saints,32,Tampa Bay Buccaneers,27,New Orleans Saints,59,5
New Orleans Saints,35,Tennessee Titans,24,New Orleans Saints,59,11
New Orleans Saints,30,Washington Commanders,28,New Orleans Saints,58,2
New York Giants,19,Arizona Cardinals,25,Arizona Cardinals,44,6
New York Giants,19,Atlanta Falcons,22,Atlanta Falcons,41,3
New York Giants,21,Baltimore Ravens,26,Baltimore Ravens,47,5
New York Giants,15,Buffalo Bills,24,Buffalo Bills,39,9
New York Giants,23,Carolina Panthers,18,New York Giants,41,5
New York Giants,17,Chicago Bears,25,Chicago Bears,42,8
New York Giants,21,Cincinnati Bengals,23,Cincinnati Bengals,44,2
New York Giants,18,Cleveland Browns,21,Cleveland Browns,39,3
New York Giants,21,Dallas Cowboys,30,Dallas Cowboys,51,9
New York Giants,20,Denver Broncos,26,Denver Broncos,46,6
New York Giants,15,Detroit Lions,28,Detroit Lions,43,13
New York Giants,21,Green Bay Packers,27,Green Bay Packers,48,6
New York Giants,21,Houston Texans,26,Houston Texans,47,5
New York Giants,20,Indianapolis Colts,26,Indianapolis Colts,46,6
New York Giants,22,Jacksonville Jaguars,23,Jacksonville Jaguars,45,1
New York Giants,16,Kansas City Chiefs,22,Kansas City Chiefs,38,6
New York Giants,17,Las Vegas Raiders,26,Las Vegas Raiders,43,9
New York Giants,15,Los Angeles Chargers,26,Los Angeles Chargers,41,11
New York Giants,18,Los Angeles Rams,25,Los Angeles Rams,43,7
New York Giants,17,Miami Dolphins,22,Miami Dolphins,39,5
New York Giants,17,Minnesota Vikings,25,Minnesota Vikings,42,8
New York Giants,20,New England Patriots,19,New York Giants,39,1
New York Giants,19,New Orleans Saints,29,New Orleans Saints,48,10
New York Giants,19,New York Jets,22,New York Jets,41,3
New York Giants,16,Philadelphia Eagles,20,Philadelphia Eagles,36,4
New York Giants,15,Pittsburgh Steelers,22,Pittsburgh Steelers,37,7
New York Giants,18,San Francisco 49ers,29,San Francisco 49ers,47,11
New York Giants,17,Seattle Seahawks,23,Seattle Seahawks,40,6
New York Giants,23,Tampa Bay Buccaneers,27,Tampa Bay Buccaneers,50,4
New York Giants,24,Tennessee Titans,20,New York Giants,44,4
New York Giants,17,Washington Commanders,25,Washington Commanders,42,8
New York Jets,17,Arizona Cardinals,21,Arizona Cardinals,38,4
New York Jets,20,Atlanta Falcons,19,New York Jets,39,1
New York Jets,23,Baltimore Ravens,22,New York Jets,45,1
New York Jets,16,Buffalo Bills,20,Buffalo Bills,36,4
New York Jets,24,Carolina Panthers,17,New York Jets,41,7
New York Jets,22,Chicago Bears,21,New York Jets,43,1
New York Jets,23,Cincinnati Bengals,19,New York Jets,42,4
New York Jets,22,Cleveland Browns,21,New York Jets,43,1
New York Jets,24,Dallas Cowboys,22,New York Jets,46,2
New York Jets,22,Denver Broncos,20,New York Jets,42,2
New York Jets,19,Detroit Lions,21,Detroit Lions,40,2
New York Jets,25,Green Bay Packers,24,New York Jets,49,1
New York Jets,22,Houston Texans,20,New York Jets,42,2
New York Jets,20,Indianapolis Colts,26,Indianapolis Colts,46,6
New York Jets,22,Jacksonville Jaguars,20,New York Jets,42,2
New York Jets,20,Kansas City Chiefs,19,New York Jets,39,1
New York Jets,21,Las Vegas Raiders,13,New York Jets,34,8
New York Jets,15,Los Angeles Chargers,20,Los Angeles Chargers,35,5
New York Jets,19,Los Angeles Rams,17,New York Jets,36,2
New York Jets,15,Miami Dolphins,17,Miami Dolphins,32,2
New York Jets,21,Minnesota Vikings,24,Minnesota Vikings,45,3
New York Jets,23,New England Patriots,11,New York Jets,34,12
New York Jets,21,New Orleans Saints,26,New Orleans Saints,47,5
New York Jets,22,New York Giants,17,New York Jets,39,5
New York Jets,15,Philadelphia Eagles,16,Philadelphia Eagles,31,1
New York Jets,19,Pittsburgh Steelers,17,New York Jets,36,2
New York Jets,22,San Francisco 49ers,24,San Francisco 49ers,46,2
New York Jets,19,Seattle Seahawks,21,Seattle Seahawks,40,2
New York Jets,24,Tampa Bay Buccaneers,21,New York Jets,45,3
New York Jets,29,Tennessee Titans,18,New York Jets,47,11
New York Jets,23,Washington Commanders,22,New York Jets,45,1
Philadelphia Eagles,24,Arizona Cardinals,20,Philadelphia Eagles,44,4
Philadelphia Eagles,24,Atlanta Falcons,17,Philadelphia Eagles,41,7
Philadelphia Eagles,29,Baltimore Ravens,23,Philadelphia Eagles,52,6
Philadelphia Eagles,24,Buffalo Bills,21,Philadelphia Eagles,45,3
Philadelphia Eagles,26,Carolina Panthers,16,Philadelphia Eagles,42,10
Philadelphia Eagles,24,Chicago Bears,20,Philadelphia Eagles,44,4
Philadelphia Eagles,25,Cincinnati Bengals,20,Philadelphia Eagles,45,5
Philadelphia Eagles,23,Cleveland Browns,16,Philadelphia Eagles,39,7
Philadelphia Eagles,27,Dallas Cowboys,23,Philadelphia Eagles,50,4
Philadelphia Eagles,28,Denver Broncos,20,Philadelphia Eagles,48,8
Philadelphia Eagles,23,Detroit Lions,22,Philadelphia Eagles,45,1
Philadelphia Eagles,28,Green Bay Packers,24,Philadelphia Eagles,52,4
Philadelphia Eagles,25,Houston Texans,22,Philadelphia Eagles,47,3
Philadelphia Eagles,22,Indianapolis Colts,20,Philadelphia Eagles,42,2
Philadelphia Eagles,28,Jacksonville Jaguars,19,Philadelphia Eagles,47,9
Philadelphia Eagles,23,Kansas City Chiefs,19,Philadelphia Eagles,42,4
Philadelphia Eagles,28,Las Vegas Raiders,19,Philadelphia Eagles,47,9
Philadelphia Eagles,19,Los Angeles Chargers,18,Philadelphia Eagles,37,1
Philadelphia Eagles,24,Los Angeles Rams,19,Philadelphia Eagles,43,5
Philadelphia Eagles,24,Miami Dolphins,17,Philadelphia Eagles,41,7
Philadelphia Eagles,25,Minnesota Vikings,21,Philadelphia Eagles,46,4
Philadelphia Eagles,25,New England Patriots,15,Philadelphia Eagles,40,10
Philadelphia Eagles,24,New Orleans Saints,22,Philadelphia Eagles,46,2
Philadelphia Eagles,23,New York Giants,19,Philadelphia Eagles,42,4
Philadelphia Eagles,24,New York Jets,16,Philadelphia Eagles,40,8
Philadelphia Eagles,24,Pittsburgh Steelers,17,Philadelphia Eagles,41,7
Philadelphia Eagles,25,San Francisco 49ers,24,Philadelphia Eagles,49,1
Philadelphia Eagles,24,Seattle Seahawks,18,Philadelphia Eagles,42,6
Philadelphia Eagles,28,Tampa Bay Buccaneers,20,Philadelphia Eagles,48,8
Philadelphia Eagles,33,Tennessee Titans,16,Philadelphia Eagles,49,17
Philadelphia Eagles,24,Washington Commanders,23,Philadelphia Eagles,47,1
Pittsburgh Steelers,20,Arizona Cardinals,18,Pittsburgh Steelers,38,2
Pittsburgh Steelers,21,Atlanta Falcons,17,Pittsburgh Steelers,38,4
Pittsburgh Steelers,23,Baltimore Ravens,18,Pittsburgh Steelers,41,5
Pittsburgh Steelers,16,Buffalo Bills,22,Buffalo Bills,38,6
Pittsburgh Steelers,28,Carolina Panthers,15,Pittsburgh Steelers,43,13
Pittsburgh Steelers,22,Chicago Bears,23,Chicago Bears,45,1
Pittsburgh Steelers,25,Cincinnati Bengals,17,Pittsburgh Steelers,42,8
Pittsburgh Steelers,20,Cleveland Browns,17,Pittsburgh Steelers,37,3
Pittsburgh Steelers,26,Dallas Cowboys,22,Pittsburgh Steelers,48,4
Pittsburgh Steelers,22,Denver Broncos,18,Pittsburgh Steelers,40,4
Pittsburgh Steelers,17,Detroit Lions,21,Detroit Lions,38,4
Pittsburgh Steelers,23,Green Bay Packers,22,Pittsburgh Steelers,45,1
Pittsburgh Steelers,20,Houston Texans,22,Houston Texans,42,2
Pittsburgh Steelers,19,Indianapolis Colts,22,Indianapolis Colts,41,3
Pittsburgh Steelers,23,Jacksonville Jaguars,18,Pittsburgh Steelers,41,5
Pittsburgh Steelers,20,Kansas City Chiefs,21,Kansas City Chiefs,41,1
Pittsburgh Steelers,26,Las Vegas Raiders,14,Pittsburgh Steelers,40,12
Pittsburgh Steelers,17,Los Angeles Chargers,15,Pittsburgh Steelers,32,2
Pittsburgh Steelers,20,Los Angeles Rams,17,Pittsburgh Steelers,37,3
Pittsburgh Steelers,19,Miami Dolphins,15,Pittsburgh Steelers,34,4
Pittsburgh Steelers,23,Minnesota Vikings,22,Pittsburgh Steelers,45,1
Pittsburgh Steelers,21,New England Patriots,14,Pittsburgh Steelers,35,7
Pittsburgh Steelers,23,New Orleans Saints,24,New Orleans Saints,47,1
Pittsburgh Steelers,22,New York Giants,16,Pittsburgh Steelers,38,6
Pittsburgh Steelers,22,New York Jets,17,Pittsburgh Steelers,39,5
Pittsburgh Steelers,17,Philadelphia Eagles,19,Philadelphia Eagles,36,2
Pittsburgh Steelers,22,San Francisco 49ers,23,San Francisco 49ers,45,1
Pittsburgh Steelers,24,Seattle Seahawks,19,Pittsburgh Steelers,43,5
Pittsburgh Steelers,26,Tampa Bay Buccaneers,21,Pittsburgh Steelers,47,5
Pittsburgh Steelers,27,Tennessee Titans,16,Pittsburgh Steelers,43,11
Pittsburgh Steelers,21,Washington Commanders,20,Pittsburgh Steelers,41,1
San Francisco 49ers,29,Arizona Cardinals,23,San Francisco 49ers,52,6
San Francisco 49ers,24,Atlanta Falcons,23,San Francisco 49ers,47,1
San Francisco 49ers,27,Baltimore Ravens,26,San Francisco 49ers,53,1
San Francisco 49ers,23,Buffalo Bills,26,Buffalo Bills,49,3
San Francisco 49ers,31,Carolina Panthers,19,San Francisco 49ers,50,12
San Francisco 49ers,24,Chicago Bears,25,Chicago Bears,49,1
San Francisco 49ers,27,Cincinnati Bengals,25,San Francisco 49ers,52,2
San Francisco 49ers,23,Cleveland Browns,21,San Francisco 49ers,44,2
San Francisco 49ers,30,Dallas Cowboys,26,San Francisco 49ers,56,4
San Francisco 49ers,23,Denver Broncos,24,Denver Broncos,47,1
San Francisco 49ers,23,Detroit Lions,29,Detroit Lions,52,6
San Francisco 49ers,27,Green Bay Packers,28,Green Bay Packers,55,1
San Francisco 49ers,25,Houston Texans,22,San Francisco 49ers,47,3
San Francisco 49ers,22,Indianapolis Colts,27,Indianapolis Colts,49,5
San Francisco 49ers,31,Jacksonville Jaguars,21,San Francisco 49ers,52,10
San Francisco 49ers,24,Kansas City Chiefs,25,Kansas City Chiefs,49,1
San Francisco 49ers,32,Las Vegas Raiders,24,San Francisco 49ers,56,8
San Francisco 49ers,19,Los Angeles Chargers,17,San Francisco 49ers,36,2
San Francisco 49ers,25,Los Angeles Rams,24,San Francisco 49ers,49,1
San Francisco 49ers,23,Miami Dolphins,22,San Francisco 49ers,45,1
San Francisco 49ers,24,Minnesota Vikings,26,Minnesota Vikings,50,2
San Francisco 49ers,28,New England Patriots,19,San Francisco 49ers,47,9
San Francisco 49ers,25,New Orleans Saints,27,New Orleans Saints,52,2
San Francisco 49ers,27,New York Giants,20,San Francisco 49ers,47,7
San Francisco 49ers,27,New York Jets,21,San Francisco 49ers,48,6
San Francisco 49ers,22,Philadelphia Eagles,19,San Francisco 49ers,41,3
San Francisco 49ers,22,Pittsburgh Steelers,20,San Francisco 49ers,42,2
San Francisco 49ers,27,Seattle Seahawks,20,San Francisco 49ers,47,7
San Francisco 49ers,31,Tampa Bay Buccaneers,22,San Francisco 49ers,53,9
San Francisco 49ers,30,Tennessee Titans,21,San Francisco 49ers,51,9
San Francisco 49ers,24,Washington Commanders,23,San Francisco 49ers,47,1
Seattle Seahawks,24,Arizona Cardinals,23,Seattle Seahawks,47,1
Seattle Seahawks,25,Atlanta Falcons,24,Seattle Seahawks,49,1
Seattle Seahawks,23,Baltimore Ravens,28,Baltimore Ravens,51,5
Seattle Seahawks,25,Buffalo Bills,28,Buffalo Bills,53,3
Seattle Seahawks,29,Carolina Panthers,24,Seattle Seahawks,53,5
Seattle Seahawks,24,Chicago Bears,26,Chicago Bears,50,2
Seattle Seahawks,25,Cincinnati Bengals,24,Seattle Seahawks,49,1
Seattle Seahawks,25,Cleveland Browns,23,Seattle Seahawks,48,2
Seattle Seahawks,31,Dallas Cowboys,29,Seattle Seahawks,60,2
Seattle Seahawks,26,Denver Broncos,25,Seattle Seahawks,51,1
Seattle Seahawks,26,Detroit Lions,31,Detroit Lions,57,5
Seattle Seahawks,22,Green Bay Packers,26,Green Bay Packers,48,4
Seattle Seahawks,26,Houston Texans,28,Houston Texans,54,2
Seattle Seahawks,25,Indianapolis Colts,27,Indianapolis Colts,52,2
Seattle Seahawks,28,Jacksonville Jaguars,23,Seattle Seahawks,51,5
Seattle Seahawks,23,Kansas City Chiefs,24,Kansas City Chiefs,47,1
Seattle Seahawks,31,Las Vegas Raiders,26,Seattle Seahawks,57,5
Seattle Seahawks,27,Los Angeles Chargers,22,Seattle Seahawks,49,5
Seattle Seahawks,22,Los Angeles Rams,23,Los Angeles Rams,45,1
Seattle Seahawks,23,Miami Dolphins,19,Seattle Seahawks,42,4
Seattle Seahawks,24,Minnesota Vikings,28,Minnesota Vikings,52,4
Seattle Seahawks,28,New England Patriots,21,Seattle Seahawks,49,7
Seattle Seahawks,25,New Orleans Saints,33,New Orleans Saints,58,8
Seattle Seahawks,24,New York Giants,19,Seattle Seahawks,43,5
Seattle Seahawks,27,New York Jets,19,Seattle Seahawks,46,8
Seattle Seahawks,18,Philadelphia Eagles,20,Philadelphia Eagles,38,2
Seattle Seahawks,22,Pittsburgh Steelers,24,Pittsburgh Steelers,46,2
Seattle Seahawks,23,San Francisco 49ers,29,San Francisco 49ers,52,6
Seattle Seahawks,28,Tampa Bay Buccaneers,27,Seattle Seahawks,55,1
Seattle Seahawks,31,Tennessee Titans,24,Seattle Seahawks,55,7
Seattle Seahawks,22,Washington Commanders,27,Washington Commanders,49,5
Tampa Bay Buccaneers,25,Arizona Cardinals,28,Arizona Cardinals,53,3
Tampa Bay Buccaneers,23,Atlanta Falcons,26,Atlanta Falcons,49,3
Tampa Bay Buccaneers,26,Baltimore Ravens,31,Baltimore Ravens,57,5
Tampa Bay Buccaneers,22,Buffalo Bills,28,Buffalo Bills,50,6
Tampa Bay Buccaneers,26,Carolina Panthers,21,Tampa Bay Buccaneers,47,5
Tampa Bay Buccaneers,26,Chicago Bears,27,Chicago Bears,53,1
Tampa Bay Buccaneers,27,Cincinnati Bengals,29,Cincinnati Bengals,56,2
Tampa Bay Buccaneers,23,Cleveland Browns,26,Cleveland Browns,49,3
Tampa Bay Buccaneers,29,Dallas Cowboys,28,Tampa Bay Buccaneers,57,1
Tampa Bay Buccaneers,24,Denver Broncos,28,Denver Broncos,52,4
Tampa Bay Buccaneers,20,Detroit Lions,28,Detroit Lions,48,8
Tampa Bay Buccaneers,27,Green Bay Packers,29,Green Bay Packers,56,2
Tampa Bay Buccaneers,26,Houston Texans,32,Houston Texans,58,6
Tampa Bay Buccaneers,24,Indianapolis Colts,31,Indianapolis Colts,55,7
Tampa Bay Buccaneers,29,Jacksonville Jaguars,26,Tampa Bay Buccaneers,55,3
Tampa Bay Buccaneers,24,Kansas City Chiefs,28,Kansas City Chiefs,52,4
Tampa Bay Buccaneers,33,Las Vegas Raiders,24,Tampa Bay Buccaneers,57,9
Tampa Bay Buccaneers,23,Los Angeles Chargers,26,Los Angeles Chargers,49,3
Tampa Bay Buccaneers,23,Los Angeles Rams,26,Los Angeles Rams,49,3
Tampa Bay Buccaneers,25,Miami Dolphins,23,Tampa Bay Buccaneers,48,2
Tampa Bay Buccaneers,23,Minnesota Vikings,28,Minnesota Vikings,51,5
Tampa Bay Buccaneers,25,New England Patriots,22,Tampa Bay Buccaneers,47,3
Tampa Bay Buccaneers,25,New Orleans Saints,31,New Orleans Saints,56,6
Tampa Bay Buccaneers,27,New York Giants,25,Tampa Bay Buccaneers,52,2
Tampa Bay Buccaneers,25,New York Jets,24,Tampa Bay Buccaneers,49,1
Tampa Bay Buccaneers,20,Philadelphia Eagles,24,Philadelphia Eagles,44,4
Tampa Bay Buccaneers,22,Pittsburgh Steelers,26,Pittsburgh Steelers,48,4
Tampa Bay Buccaneers,23,San Francisco 49ers,33,San Francisco 49ers,56,10
Tampa Bay Buccaneers,26,Seattle Seahawks,27,Seattle Seahawks,53,1
Tampa Bay Buccaneers,30,Tennessee Titans,25,Tampa Bay Buccaneers,55,5
Tampa Bay Buccaneers,23,Washington Commanders,30,Washington Commanders,53,7
Tennessee Titans,21,Arizona Cardinals,26,Arizona Cardinals,47,5
Tennessee Titans,23,Atlanta Falcons,22,Tennessee Titans,45,1
Tennessee Titans,25,Baltimore Ravens,26,Baltimore Ravens,51,1
Tennessee Titans,20,Buffalo Bills,27,Buffalo Bills,47,7
Tennessee Titans,24,Carolina Panthers,21,Tennessee Titans,45,3
Tennessee Titans,23,Chicago Bears,26,Chicago Bears,49,3
Tennessee Titans,25,Cincinnati Bengals,21,Tennessee Titans,46,4
Tennessee Titans,22,Cleveland Browns,25,Cleveland Browns,47,3
Tennessee Titans,25,Dallas Cowboys,26,Dallas Cowboys,51,1
Tennessee Titans,22,Denver Broncos,21,Tennessee Titans,43,1
Tennessee Titans,23,Detroit Lions,27,Detroit Lions,50,4
Tennessee Titans,23,Green Bay Packers,27,Green Bay Packers,50,4
Tennessee Titans,19,Houston Texans,26,Houston Texans,45,7
Tennessee Titans,21,Indianapolis Colts,26,Indianapolis Colts,47,5
Tennessee Titans,25,Jacksonville Jaguars,26,Jacksonville Jaguars,51,1
Tennessee Titans,22,Kansas City Chiefs,21,Tennessee Titans,43,1
Tennessee Titans,28,Las Vegas Raiders,22,Tennessee Titans,50,6
Tennessee Titans,19,Los Angeles Chargers,21,Los Angeles Chargers,40,2
Tennessee Titans,24,Los Angeles Rams,19,Tennessee Titans,43,5
Tennessee Titans,22,Miami Dolphins,20,Tennessee Titans,42,2
Tennessee Titans,24,Minnesota Vikings,27,Minnesota Vikings,51,3
Tennessee Titans,25,New England Patriots,20,Tennessee Titans,45,5
Tennessee Titans,24,New Orleans Saints,29,New Orleans Saints,53,5
Tennessee Titans,22,New York Giants,21,Tennessee Titans,43,1
Tennessee Titans,24,New York Jets,23,Tennessee Titans,47,1
Tennessee Titans,17,Philadelphia Eagles,24,Philadelphia Eagles,41,7
Tennessee Titans,19,Pittsburgh Steelers,22,Pittsburgh Steelers,41,3
Tennessee Titans,23,San Francisco 49ers,27,San Francisco 49ers,50,4
Tennessee Titans,25,Seattle Seahawks,24,Tennessee Titans,49,1
Tennessee Titans,26,Tampa Bay Buccaneers,25,Tennessee Titans,51,1
Tennessee Titans,20,Washington Commanders,24,Washington Commanders,44,4
Washington Commanders,21,Arizona Cardinals,15,Washington Commanders,36,6
Washington Commanders,23,Atlanta Falcons,14,Washington Commanders,37,9
Washington Commanders,25,Baltimore Ravens,19,Washington Commanders,44,6
Washington Commanders,18,Buffalo Bills,20,Buffalo Bills,38,2
Washington Commanders,26,Carolina Panthers,13,Washington Commanders,39,13
Washington Commanders,22,Chicago Bears,20,Washington Commanders,42,2
Washington Commanders,27,Cincinnati Bengals,17,Washington Commanders,44,10
Washington Commanders,22,Cleveland Browns,17,Washington Commanders,39,5
Washington Commanders,24,Dallas Cowboys,20,Washington Commanders,44,4
Washington Commanders,24,Denver Broncos,18,Washington Commanders,42,6
Washington Commanders,20,Detroit Lions,22,Detroit Lions,42,2
Washington Commanders,22,Green Bay Packers,19,Washington Commanders,41,3
Washington Commanders,20,Houston Texans,17,Washington Commanders,37,3
Washington Commanders,19,Indianapolis Colts,18,Washington Commanders,37,1
Washington Commanders,25,Jacksonville Jaguars,15,Washington Commanders,40,10
Washington Commanders,19,Kansas City Chiefs,17,Washington Commanders,36,2
Washington Commanders,26,Las Vegas Raiders,13,Washington Commanders,39,13
Washington Commanders,18,Los Angeles Chargers,11,Washington Commanders,29,7
Washington Commanders,21,Los Angeles Rams,17,Washington Commanders,38,4
Washington Commanders,18,Miami Dolphins,15,Washington Commanders,33,3
Washington Commanders,21,Minnesota Vikings,18,Washington Commanders,39,3
Washington Commanders,23,New England Patriots,12,Washington Commanders,35,11
Washington Commanders,25,New Orleans Saints,24,Washington Commanders,49,1
Washington Commanders,22,New York Giants,15,Washington Commanders,37,7
Washington Commanders,24,New York Jets,17,Washington Commanders,41,7
Washington Commanders,20,Philadelphia Eagles,16,Washington Commanders,36,4
Washington Commanders,18,Pittsburgh Steelers,15,Washington Commanders,33,3
Washington Commanders,22,San Francisco 49ers,21,Washington Commanders,43,1
Washington Commanders,24,Seattle Seahawks,16,Washington Commanders,40,8
Washington Commanders,28,Tampa Bay Buccaneers,18,Washington Commanders,46,10
Washington Commanders,27,Tennessee Titans,14,Washington Commanders,41,13
